#P = 0.9, D = 1.89749, alpha = 0.8, beta = 0.3, mmax = 6
#Cycle center positions: x,y, cycle length: l
#x	y	l	error	maxix	minix	maxiy	miniy	maxjump_index	maxjump	numberofbandsvisited	min_index	max_index
-3.125	4.44089e-16	1	0	-3.125	-3.125	4.44089e-16	4.44089e-16	0	0	1	-2	-2
-1.5625	2.22045e-16	1	0	-1.5625	-1.5625	2.22045e-16	2.22045e-16	0	0	1	-1	-1
6.95317e-310	6.95317e-310	1	0	-0	-0	0	0	0	0	1	0	0
1.5625	-2.22045e-16	1	0	1.5625	1.5625	-2.22045e-16	-2.22045e-16	0	0	1	1	1
3.125	-4.44089e-16	1	0	3.125	3.125	-4.44089e-16	-4.44089e-16	0	0	1	2	2
-3.125	6.66134e-16	2	0	-3.10359	-3.14641	0.462862	-0.462862	2	0.926714	2	-3	-1
-2.34375	3.33067e-16	2	0	-2.31164	-2.37586	0.694293	-0.694293	3	1.39007	2	-3	0
-2.34375	4.44089e-16	2	0	-2.33305	-2.35445	0.231431	-0.231431	1	0.463357	2	-2	-1
-1.5625	3.33067e-16	2	0	-1.54109	-1.58391	0.462862	-0.462862	2	0.926714	2	-2	0
-0.78125	1.66533e-16	2	0	-0.770546	-0.791954	0.231431	-0.231431	1	0.463357	2	-1	0
0.78125	-2.08167e-16	2	0	0.791954	0.770546	0.231431	-0.231431	1	0.463357	2	0	1
1.5625	-4.16334e-16	2	0	1.58391	1.54109	0.462862	-0.462862	2	0.926714	2	0	2
2.34375	-5.55112e-16	2	0	2.37586	2.31164	0.694293	-0.694293	3	1.39007	2	0	3
2.34375	-6.10623e-16	2	0	2.35445	2.33305	0.231431	-0.231431	1	0.463357	2	1	2
3.125	-8.32667e-16	2	0	3.14641	3.10359	0.462862	-0.462862	2	0.926714	2	1	3
-2.60417	-1.4803e-16	3	0	-2.5351	-2.69364	0.266184	-0.312288	1	0.580515	2	-2	-1
-2.08333	4.07082e-16	3	0	-1.99386	-2.1524	0.312288	-0.266184	1	0.580515	2	-2	-1
-1.04167	7.40149e-17	3	0	-0.86272	-1.1798	0.624577	-0.532368	2	1.16103	2	-2	0
-0.520833	3.70074e-17	3	0	-0.43136	-0.589899	0.312288	-0.266184	1	0.580515	2	-1	0
0.520833	-5.55112e-17	3	0	0.589899	0.43136	0.266184	-0.312288	1	0.580515	2	0	1
1.04167	-1.11022e-16	3	0	1.1798	0.86272	0.532368	-0.624577	2	1.16103	2	0	2
2.08333	-2.22045e-16	3	0	2.1524	1.99386	0.266184	-0.312288	1	0.580515	2	1	2
2.60417	-1.85037e-16	3	0	2.69364	2.5351	0.312288	-0.266184	1	0.580515	2	1	2
-2.73437	8.32667e-17	4	0	-2.58849	-2.82674	0.729664	-0.814611	3	1.54831	3	-3	0
-1.95312	6.38378e-16	4	0	-1.81795	-2.05619	0.498232	-0.58318	2	1.08518	3	-2	0
-1.95312	5.55112e-17	4	0	-1.83936	-2.0776	0.351748	-0.266801	1	0.622382	2	-2	-1
-1.17187	-2.77556e-17	4	0	-1.06881	-1.30705	0.58318	-0.498232	2	1.08518	3	-2	0
1.17187	-8.60423e-16	4	0	1.30705	1.06881	0.498232	-0.58318	2	1.08518	3	0	2
1.95312	-2.22045e-16	4	0	2.05619	1.81795	0.58318	-0.498232	2	1.08518	3	0	2
2.73437	-3.60822e-16	4	0	2.82674	2.58849	0.814611	-0.729664	3	1.54831	3	0	3
1.95312	-1.05471e-15	4	0	2.0776	1.83936	0.266801	-0.351748	1	0.622382	2	1	2
-2.5	4.64073e-15	5	0	-2.43845	-2.63824	0.309408	-0.32534	1	0.542563	2	-2	-1
-2.1875	5.04041e-15	5	0	-2.04926	-2.24905	0.32534	-0.309408	1	0.542563	2	-2	-1
-1.875	2.17604e-15	5	0	-1.76641	-1.955	0.494737	-0.558379	2	1.05607	3	-2	0
-1.875	4.81837e-15	5	0	-1.75522	-2.04514	0.37305	-0.261698	1	0.640056	2	-2	-1
-1.5625	3.04201e-15	5	0	-1.36603	-1.76228	0.296682	-0.634748	2	0.938815	3	-2	0
-1.25	2.28706e-15	5	0	-1.17	-1.35859	0.558379	-0.494737	2	1.05607	3	-2	0
1.25	-1.34337e-15	5	0	1.35859	1.17	0.494737	-0.558379	2	1.05607	3	0	2
1.5625	-1.55431e-15	5	0	1.76228	1.36603	0.634748	-0.296682	2	0.938815	3	0	2
1.875	-2.53131e-15	5	0	1.955	1.76641	0.558379	-0.494737	2	1.05607	3	0	2
1.875	-3.28626e-15	5	0	2.04514	1.75522	0.261698	-0.37305	1	0.640056	2	1	2
2.1875	-2.64233e-15	5	0	2.24905	2.04926	0.309408	-0.32534	1	0.542563	2	1	2
2.5	-5.9508e-15	5	0	2.63824	2.43845	0.32534	-0.309408	1	0.542563	2	1	2
-2.08333	-4.44089e-16	6	0	-1.97245	-2.17381	0.775151	-0.729046	3	1.50698	4	-3	0
-1.82292	-1.86888e-15	6	0	-1.54822	-2.00917	0.91958	-0.656375	3	1.58834	4	-3	0
-2.08333	8.14164e-16	6	0	-1.86599	-2.23161	0.488516	-0.616391	2	1.11055	3	-2	0
-1.82292	-5.55112e-16	6	0	-1.74315	-1.92309	0.497615	-0.543719	2	1.04369	3	-2	0
-1.82292	-1.40628e-15	6	0	-1.68535	-2.02955	0.38496	-0.257085	1	0.648384	2	-2	-1
-1.30208	2.498e-16	6	0	-1.11686	-1.42364	0.607292	-0.561188	2	1.03316	3	-2	0
-1.30208	3.38618e-15	6	0	-1.20191	-1.38185	0.543719	-0.497615	2	1.04369	3	-2	0
-1.04167	-1.04546e-15	6	0	-0.893393	-1.25901	0.616391	-0.488516	2	1.11055	3	-2	0
1.04167	-2.56276e-15	6	0	1.25901	0.893393	0.488516	-0.616391	2	1.11055	3	0	2
1.30208	-5.27356e-16	6	0	1.42364	1.11686	0.561188	-0.607292	2	1.03316	3	0	2
1.30208	-1.98915e-15	6	0	1.38185	1.20191	0.497615	-0.543719	2	1.04369	3	0	2
1.82292	-2.38698e-15	6	0	2.00917	1.54822	0.656375	-0.91958	3	1.58834	4	0	3
1.82292	-1.5173e-15	6	0	1.92309	1.74315	0.543719	-0.497615	2	1.04369	3	0	2
2.08333	-3.21965e-15	6	0	2.17381	1.97245	0.729046	-0.775151	3	1.50698	4	0	3
2.08333	-4.08932e-15	6	0	2.23161	1.86599	0.616391	-0.488516	2	1.11055	3	0	2
1.82292	-3.79326e-15	6	0	2.02955	1.68535	0.257085	-0.38496	1	0.648384	2	1	2
-2.67857	3.56223e-14	7	0	-2.54227	-2.76588	0.724186	-0.794191	3	1.5219	4	-3	0
-2.00893	3.6114e-14	7	0	-1.92162	-2.14523	0.794191	-0.724186	3	1.5219	4	-3	0
-1.78571	2.75653e-14	7	0	-1.59824	-2.00382	0.894708	-0.692028	3	1.59578	4	-3	0
-1.78571	3.0658e-14	7	0	-1.48846	-1.99045	0.939017	-0.644237	3	1.59755	4	-3	0
-2.45536	2.157e-14	7	0	-2.37304	-2.62447	0.321706	-0.323912	1	0.533676	2	-2	-1
-2.23214	1.62251e-14	7	0	-2.06303	-2.31446	0.323912	-0.321706	1	0.533676	2	-2	-1
-2.00893	1.10546e-14	7	0	-1.82955	-2.17306	0.465152	-0.615105	2	1.08703	3	-2	0
-2.00893	7.6764e-15	7	0	-1.85543	-2.11935	0.356071	-0.289548	1	0.60342	2	-2	-1
-1.78571	3.00553e-14	7	0	-1.70391	-1.91175	0.500792	-0.535156	2	1.03794	3	-2	0
-1.33929	3.7589e-15	7	0	-1.19553	-1.45023	0.582947	-0.545101	2	1.01544	3	-2	0
-1.33929	4.88498e-15	7	0	-1.21325	-1.42109	0.535156	-0.500792	2	1.03794	3	-2	0
-1.11607	-4.01266e-15	7	0	-0.951945	-1.29545	0.615105	-0.465152	2	1.08703	3	-2	0
1.11607	-3.85406e-15	7	0	1.29545	0.951945	0.465152	-0.615105	2	1.08703	3	0	2
1.33929	-4.78982e-15	7	0	1.45023	1.19553	0.545101	-0.582947	2	1.01544	3	0	2
1.33929	-6.5186e-15	7	0	1.42109	1.21325	0.500792	-0.535156	2	1.03794	3	0	2
1.78571	-8.80248e-15	7	0	1.99045	1.48846	0.644237	-0.939017	3	1.59755	4	0	3
1.78571	-7.70812e-15	7	0	2.00382	1.59824	0.692028	-0.894708	3	1.59578	4	0	3
1.78571	-9.34173e-15	7	0	1.91175	1.70391	0.535156	-0.500792	2	1.03794	3	0	2
2.00893	-1.09436e-14	7	0	2.14523	1.92162	0.724186	-0.794191	3	1.5219	4	0	3
2.00893	-6.04279e-15	7	0	2.17306	1.82955	0.615105	-0.465152	2	1.08703	3	0	2
2.67857	-1.60189e-14	7	0	2.76588	2.54227	0.794191	-0.724186	3	1.5219	4	0	3
2.00893	-1.11974e-14	7	0	2.11935	1.85543	0.289548	-0.356071	1	0.60342	2	1	2
2.23214	-1.91276e-14	7	0	2.31446	2.06303	0.321706	-0.323912	1	0.533676	2	1	2
2.45536	-2.77556e-15	7	0	2.62447	2.37304	0.323912	-0.321706	1	0.533676	2	1	2
-2.53906	-4.73094e-14	8	0	-2.4335	-2.66956	0.772628	-0.800574	3	1.47216	4	-3	0
-2.34375	-5.23609e-14	8	0	-2.12112	-2.60919	0.816439	-0.617241	3	1.43396	4	-3	0
-2.14844	-7.06241e-14	8	0	-1.98872	-2.2623	0.761624	-0.734525	3	1.4984	4	-3	0
-1.95313	-3.71647e-14	8	0	-1.80757	-2.13079	0.805435	-0.719641	3	1.52913	4	-3	0
-1.95313	-5.61357e-14	8	0	-1.75511	-2.10157	0.843538	-0.690713	3	1.54095	4	-3	0
-1.75781	-1.96648e-14	8	0	-1.51643	-1.97714	0.920891	-0.676677	3	1.60882	4	-3	0
-2.53906	-4.90163e-14	8	0	-2.44661	-2.67738	0.309766	-0.337712	1	0.571774	2	-2	-1
-2.34375	-3.01842e-14	8	0	-2.10228	-2.52629	0.416046	-0.32465	1	0.51859	2	-2	-1
-2.14844	-5.9508e-14	8	0	-1.87832	-2.29152	0.483348	-0.626991	2	1.11676	3	-2	0
-2.14844	-3.73035e-14	8	0	-2.01012	-2.24089	0.337712	-0.309766	1	0.571774	2	-2	-1
-1.95313	-3.24324e-14	8	0	-1.81013	-2.14044	0.459282	-0.612107	2	1.07833	3	-2	0
-1.95313	-2.80331e-14	8	0	-1.78617	-2.10938	0.48821	-0.574004	2	1.06601	3	-2	0
-1.95313	-5.77316e-15	8	0	-1.77652	-2.10682	0.380676	-0.295729	1	0.616811	2	-2	-1
-1.75781	-7.97973e-14	8	0	-1.65465	-1.90683	0.503094	-0.530193	2	1.03507	3	-2	0
-1.5625	-1.88322e-14	8	0	-1.30776	-1.79583	0.385809	-0.585008	2	0.972091	3	-2	0
-1.36719	-2.11636e-15	8	0	-1.12918	-1.52354	0.607246	-0.580147	2	1.01914	3	-2	0
-1.36719	-3.67692e-14	8	0	-1.23958	-1.46205	0.569143	-0.541197	2	1.00899	3	-2	0
-1.36719	-3.33553e-14	8	0	-1.21817	-1.47035	0.530193	-0.503094	2	1.03507	3	-2	0
-1.17188	-3.43406e-14	8	0	-0.984562	-1.31487	0.612107	-0.459282	2	1.07833	3	-2	0
-0.976563	-2.22704e-14	8	0	-0.833477	-1.24668	0.626991	-0.483348	2	1.11676	3	-2	0
0.976563	1.26357e-14	8	0	1.24668	0.833477	0.483348	-0.626991	2	1.11676	3	0	2
1.17188	8.51402e-15	8	0	1.31487	0.984562	0.459282	-0.612107	2	1.07833	3	0	2
1.36719	6.67522e-15	8	0	1.52354	1.12918	0.580147	-0.607246	2	1.01914	3	0	2
1.36719	1.7597e-14	8	0	1.46205	1.23958	0.541197	-0.569143	2	1.00899	3	0	2
1.36719	1.13798e-14	8	0	1.47035	1.21817	0.503094	-0.530193	2	1.03507	3	0	2
1.75781	5.02376e-15	8	0	1.97714	1.51643	0.676677	-0.920891	3	1.60882	4	0	3
1.5625	2.56878e-14	8	0	1.79583	1.30776	0.585008	-0.385809	2	0.972091	3	0	2
1.95313	9.33975e-15	8	0	2.10157	1.75511	0.690713	-0.843538	3	1.54095	4	0	3
1.75781	2.09555e-14	8	0	1.90683	1.65465	0.530193	-0.503094	2	1.03507	3	0	2
1.95313	2.86993e-14	8	0	2.13079	1.80757	0.719641	-0.805435	3	1.52913	4	0	3
1.95313	3.35426e-14	8	0	2.10938	1.78617	0.574004	-0.48821	2	1.06601	3	0	2
1.95313	2.11775e-14	8	0	2.14044	1.81013	0.612107	-0.459282	2	1.07833	3	0	2
2.14844	1.30868e-14	8	0	2.2623	1.98872	0.734525	-0.761624	3	1.4984	4	0	3
2.14844	1.74444e-14	8	0	2.29152	1.87832	0.626991	-0.483348	2	1.11676	3	0	2
2.34375	2.32869e-14	8	0	2.60919	2.12112	0.617241	-0.816439	3	1.43396	4	0	3
2.53906	4.22717e-14	8	0	2.66956	2.4335	0.800574	-0.772628	3	1.47216	4	0	3
1.95313	1.02973e-14	8	0	2.10682	1.77652	0.295729	-0.380676	1	0.616811	2	1	2
2.14844	2.71727e-14	8	0	2.24089	2.01012	0.309766	-0.337712	1	0.571774	2	1	2
2.34375	6.38378e-14	8	0	2.52629	2.10228	0.32465	-0.416046	1	0.51859	2	1	2
2.53906	3.88162e-14	8	0	2.67738	2.44661	0.337712	-0.309766	1	0.571774	2	1	2
