#P = 1.3, D = 1.89749, alpha = 0.8, beta = 0.3, mmax = 6
#Cycle center positions: x,y, cycle length: l
#x	y	l	error	maxix	minix	maxiy	miniy	maxjump_index	maxjump	numberofbandsvisited	min_index	max_index
6.95322e-310	6.95322e-310	1	0	-0	-0	0	0	0	0	1	0	0
-0.78125	1.66533e-16	2	0	-0.770546	-0.791954	0.231431	-0.231431	1	0.463357	2	-1	0
0.78125	-2.08167e-16	2	0	0.791954	0.770546	0.231431	-0.231431	1	0.463357	2	0	1
-1.04167	1.4803e-16	3	0	-0.972601	-1.13114	0.266184	-0.312288	1	0.580515	2	-1	0
-0.520833	3.70074e-17	3	0	-0.43136	-0.589899	0.312288	-0.266184	1	0.580515	2	-1	0
0.520833	-5.55112e-17	3	0	0.589899	0.43136	0.266184	-0.312288	1	0.580515	2	0	1
1.04167	3.70074e-17	3	0	1.13114	0.972601	0.312288	-0.266184	1	0.580515	2	0	1
-0.78125	4.02456e-16	4	0	-0.601269	-0.961231	0.387119	-0.387119	1	0.487506	2	-1	0
-0.390625	2.35922e-16	4	0	-0.276856	-0.515098	0.351748	-0.266801	1	0.622382	2	-1	0
0.390625	-1.38778e-16	4	0	0.515098	0.276856	0.266801	-0.351748	1	0.622382	2	0	1
0.78125	-3.33067e-16	4	0	0.961231	0.601269	0.387119	-0.387119	1	0.487506	2	0	1
-0.9375	1.36557e-15	5	0	-0.875951	-1.07574	0.309408	-0.32534	1	0.542563	2	-1	0
-0.625	1.75415e-15	5	0	-0.486764	-0.686549	0.32534	-0.309408	1	0.542563	2	-1	0
-0.3125	3.55271e-16	5	0	-0.192719	-0.482638	0.37305	-0.261698	1	0.640056	2	-1	0
0.3125	-2.66454e-16	5	0	0.482638	0.192719	0.261698	-0.37305	1	0.640056	2	0	1
0.625	-4.55191e-16	5	0	0.686549	0.486764	0.309408	-0.32534	1	0.542563	2	0	1
0.9375	-3.88578e-16	5	0	1.07574	0.875951	0.32534	-0.309408	1	0.542563	2	0	1
-0.78125	-8.78927e-16	6	0	-0.554207	-0.966505	0.410614	-0.338856	1	0.510001	2	-1	0
-0.520833	9.94575e-16	6	0	-0.324902	-0.647699	0.375861	-0.329757	1	0.570512	2	-1	0
-0.260417	6.4763e-16	6	0	-0.122847	-0.467051	0.38496	-0.257085	1	0.648384	2	-1	0
0.260417	-3.70074e-16	6	0	0.467051	0.122847	0.257085	-0.38496	1	0.648384	2	0	1
0.520833	-1.18424e-15	6	0	0.647699	0.324902	0.329757	-0.375861	1	0.570512	2	0	1
0.78125	-1.50805e-15	6	0	0.966505	0.554207	0.338856	-0.410614	1	0.510001	2	0	1
-0.892857	6.96268e-15	7	0	-0.810536	-1.06197	0.321706	-0.323912	1	0.533676	2	-1	0
-0.669643	8.16014e-15	7	0	-0.487159	-0.920563	0.422224	-0.386584	1	0.554083	2	-1	0
-0.669643	5.79695e-15	7	0	-0.500529	-0.751964	0.323912	-0.321706	1	0.533676	2	-1	0
-0.446429	9.084e-15	7	0	-0.235965	-0.628274	0.403861	-0.333857	1	0.58092	2	-1	0
-0.446429	4.0761e-15	7	0	-0.292927	-0.556852	0.356071	-0.289548	1	0.60342	2	-1	0
-0.223214	5.40044e-15	7	0	-0.0844463	-0.459037	0.391711	-0.253908	1	0.652618	2	-1	0
0.223214	-4.9167e-16	7	0	0.459037	0.0844463	0.253908	-0.391711	1	0.652618	2	0	1
0.446429	-1.49087e-15	7	0	0.628274	0.235965	0.333857	-0.403861	1	0.58092	2	0	1
0.446429	-2.0896e-15	7	0	0.556852	0.292927	0.289548	-0.356071	1	0.60342	2	0	1
0.669643	-2.80728e-15	7	0	0.920563	0.487159	0.386584	-0.422224	1	0.554083	2	0	1
0.669643	-2.83107e-15	7	0	0.751964	0.500529	0.321706	-0.323912	1	0.533676	2	0	1
0.892857	-3.79062e-15	7	0	1.06197	0.810536	0.323912	-0.321706	1	0.533676	2	0	1
-0.78125	-1.95469e-14	8	0	-0.462999	-1.0956	0.771374	-0.401434	2	1.19515	3	-2	0
-0.976563	-1.03563e-14	8	0	-0.884108	-1.11488	0.309766	-0.337712	1	0.571774	2	-1	0
-0.78125	-3.13638e-14	8	0	-0.537217	-1.02528	0.353577	-0.353577	1	0.512913	2	-1	0
-0.78125	-2.95805e-14	8	0	-0.539778	-0.963791	0.416046	-0.32465	1	0.51859	2	-1	0
-0.585938	-1.93144e-14	8	0	-0.337227	-0.731583	0.375814	-0.348716	1	0.557622	2	-1	0
-0.585938	-1.81383e-14	8	0	-0.447624	-0.678392	0.337712	-0.309766	1	0.571774	2	-1	0
-0.390625	-3.1454e-14	8	0	-0.152525	-0.618022	0.419626	-0.333832	1	0.585136	2	-1	0
-0.390625	-1.11612e-14	8	0	-0.214016	-0.54432	0.380676	-0.295729	1	0.616811	2	-1	0
-0.195313	-3.14679e-15	8	0	-0.0603706	-0.454727	0.39556	-0.251917	1	0.65488	2	-1	0
0.195312	-7.91034e-16	8	0	0.454727	0.0603706	0.251917	-0.39556	1	0.65488	2	0	1
0.390625	8.11851e-16	8	0	0.618022	0.152525	0.333832	-0.419626	1	0.585136	2	0	1
0.390625	1.66533e-16	8	0	0.54432	0.214016	0.295729	-0.380676	1	0.616811	2	0	1
0.585937	-3.92048e-16	8	0	0.731583	0.337227	0.348716	-0.375814	1	0.557622	2	0	1
0.78125	-1.5335e-15	8	0	1.0956	0.462999	0.401434	-0.771374	2	1.19515	3	0	2
0.585938	7.62237e-15	8	0	0.678392	0.447624	0.309766	-0.337712	1	0.571774	2	0	1
0.78125	2.10942e-15	8	0	0.963791	0.539778	0.32465	-0.416046	1	0.51859	2	0	1
0.78125	4.36456e-15	8	0	1.02528	0.537217	0.353577	-0.353577	1	0.512913	2	0	1
0.976563	1.11577e-14	8	0	1.11488	0.884108	0.337712	-0.309766	1	0.571774	2	0	1
